              precision    recall  f1-score   support

           A       0.95      0.92      0.93       600
           B       0.87      0.96      0.91       600
           C       0.96      0.98      0.97       600
           D       0.99      0.80      0.89       600
           E       0.72      0.96      0.83       600
           F       0.99      0.94      0.96       600
           G       0.93      0.89      0.91       600
           H       0.84      0.92      0.88       600
           I       0.99      0.64      0.78       600
           J       0.93      0.85      0.89       600
           K       0.99      0.94      0.96       600
           L       0.97      0.97      0.97       600
           M       0.68      0.74      0.71       600
           N       0.55      0.47      0.51       600
           O       0.76      0.85      0.81       600
           P       0.77      0.95      0.85       600
           Q       0.98      0.77      0.86       600
           R       0.76      0.87      0.81       600
           S       0.68      0.70      0.69       600
           T       0.92      0.73      0.82       600
           U       0.55      0.67      0.60       600
           V       0.61      0.88      0.72       600
           W       0.55      0.64      0.59       600
           X       0.69      0.35      0.46       600
           Y       0.75      0.84      0.79       600
           Z       0.84      0.83      0.83       600
         del       0.97      0.89      0.93       600
     nothing       0.98      0.97      0.98       600
       space       0.99      0.89      0.94       600

    accuracy                           0.82     17400
   macro avg       0.83      0.82      0.82     17400
weighted avg       0.83      0.82      0.82     17400
